locus	average_fitness	sd	sem	N_insertions
SP_0001	0			0
SP_0002	1.082	0.103	0.046	5
SP_0003	1.013	0.078	0.032	6
SP_0004	0.963	0.087	0.016	29
SP_0005	1.063	0.090	0.045	4
SP_0006	1.051	0.073	0.005	196
SP_0007	1.046	0.053	0.012	21
SP_0008	0			0
SP_0009	1.044	0.026	0.013	4
SP_0010	0.884	0.120	0.029	17
SP_0011	0			0
SP_0012	0.952	0.077	0.039	4
SP_0013	0			0
SP_0018	1.014	0.052	0.009	35
SP_0019	1.054	0.025	0.014	3
SP_0020	0.983	0.042	0.016	7
SP_0021	1.009	0.091	0.023	15
SP_0022	1.035	0.065	0.007	78
SP_0023	1.007	0.099	0.012	67
SP_0024 (*)	0.622	0.124	0.019	44
SP_0025	1.063	0.243	0.031	62
SP_0026	1.040	0.055	0.006	85
SP_0027	0			0
SP_0029	1.028	0.066	0.009	56
SP_0030	1.046	0.045	0.013	12
SP_0031	1.042	0.086	0.018	23
SP_0032	0.939	0.085	0.049	3
SP_0033	1.037	0.072	0.012	38
SP_0034	1.027	0.074	0.007	104
SP_0035	1.037	0.089	0.015	37
SP_0036	0.533	0	0	1
SP_0037	0.913	0.240	0.098	6
SP_0038	1.010	0.044	0.020	5
SP_0040	1.007	0.098	0.025	15
SP_0041	1.057	0.053	0.012	19
SP_0042	0.994	0.077	0.006	193
SP_0043	1.053	0.059	0.005	147
SP_0044	1.038	0.073	0.009	71
SP_0045	1.050	0.074	0.004	293
SP_0046	1.047	0.075	0.007	124
SP_0047	1.048	0.058	0.007	75
SP_0048	1.047	0.062	0.009	44
SP_0049	1.021	0.077	0.006	153
SP_0050	1.021	0.065	0.006	133
SP_0051	1.034	0.135	0.011	162
SP_0052	1.027	0.041	0.017	6
SP_0053	1.009	0.077	0.018	18
SP_0054	0.995	0.073	0.009	69
SP_0055	1.048	0.073	0.009	59
SP_0056	1.053	0.051	0.019	7
SP_0057	1.018	0.081	0.004	457
SP_0058	0.976	0.075	0.011	45
SP_0059	0.937	0.070	0.031	5
SP_0060	1.026	0.084	0.006	175
SP_0061	1.047	0.138	0.018	60
SP_0062	1.026	0.065	0.005	189
SP_0063	1.014	0.080	0.007	139
SP_0064	1.010	0.067	0.010	44
SP_0065	1.019	0.074	0.006	173
SP_0066	1.032	0.075	0.007	113
SP_0067	1.053	0.056	0.009	37
SP_0068	1.030	0.059	0.012	26
SP_0069	1.039	0.080	0.009	72
SP_0070	0.980	0.090	0.023	16
SP_0071	1.038	0.087	0.002	1792
SP_0072	1.072	0.024	0.010	6
SP_0073	1.039	0.062	0.005	145
SP_0074	1.044	0.077	0.011	52
SP_0075	1.034	0.061	0.007	67
SP_0076	1.038	0.073	0.009	63
SP_0077	1.057	0.064	0.012	28
SP_0078	1.058	0.065	0.005	201
SP_0079	1.055	0.072	0.009	62
SP_0080	1.008	0.070	0.016	20
SP_0081	1.037	0.080	0.006	180
SP_0082	1.043	0.080	0.006	202
SP_0083	1.047	0.076	0.008	87
SP_0084	1.038	0.076	0.009	79
SP_0085	1.012	0	0	1
SP_0087	1.041	0.076	0.024	10
SP_0088	1.054	0.073	0.014	29
SP_0089	1.055	0.066	0.013	25
SP_0090	1.032	0.097	0.007	203
SP_0091	1.017	0.073	0.007	111
SP_0092	1.056	0.106	0.008	167
SP_0093	1.023	0.054	0.009	39
SP_0094	1.048	0.057	0.008	45
SP_0095	1.047	0.076	0.009	78
SP_0096	1.051	0.075	0.007	124
SP_0097	1.062	0.081	0.006	197
SP_0098	1.056	0.077	0.007	106
SP_0099	1.079	0.071	0.009	58
SP_0100	1.037	0.073	0.011	42
SP_0101	1.054	0.065	0.004	211
SP_0102	1.058	0.076	0.014	28
SP_0103	1.005	0.076	0.038	4
SP_0104	1.055	0.109	0.010	127
SP_0105	1.033	0.075	0.012	38
SP_0106	1.039	0.078	0.015	28
SP_0107	0.994	0.072	0.009	65
SP_0108	1.034	0.067	0.011	37
SP_0109	1.026	0.083	0.011	55
SP_0110	1.040	0.093	0.005	355
SP_0111	1.057	0.095	0.011	68
SP_0112	1.043	0.062	0.007	78
SP_0113	1.026	0.074	0.011	50
SP_0114	1.041	0.047	0.009	25
SP_0115	1.037	0.095	0.009	108
SP_0116	1.025	0.082	0.011	59
SP_0117	1.038	0.069	0.006	141
SP_0118	0			0
SP_0119	0.979	0.058	0.022	7
SP_0120	0.913	0	0	1
SP_0121	0			0
SP_0122	0			0
SP_0123	1.041	0.070	0.012	35
SP_0124	1.004	0.151	0.028	28
SP_0125	1.051	0.066	0.013	26
SP_0126	1.111	0.011	0.006	4
SP_0127	1.003	0.073	0.030	6
SP_0128	0.991	0.079	0.018	20
SP_0129	0.950	0.046	0.033	2
SP_0130	1.028	0.072	0.009	69
SP_0131	0.989	0.091	0.009	97
SP_0132	1.004	0.069	0.010	52
SP_0133	1.015	0.082	0.005	271
SP_0134	1.048	0.205	0.031	44
SP_0135	1.014	0.057	0.004	195
SP_0136	1.028	0.142	0.007	424
SP_0137	1.034	0.084	0.004	495
SP_0138	1.036	0.080	0.004	352
SP_0139	1.036	0.112	0.006	327
SP_0140	1.043	0.129	0.006	533
SP_0141	1.032	0.097	0.008	151
SP_0142	1.042	0.087	0.012	51
SP_0143	1.039	0.070	0.005	180
SP_0144	1.023	0.062	0.005	153
SP_0145	1.028	0.075	0.005	209
SP_0146	1.004	0.070	0.006	136
SP_0147	1.025	0.054	0.012	19
SP_0148	0.977	0.066	0.027	6
SP_0149	1.097	0.081	0.008	94
SP_0150	1.011	0.120	0.009	177
SP_0151	1.104	0.064	0.006	111
SP_0152	1.084	0.137	0.016	71
SP_0153	1.022	0.068	0.007	90
SP_0154	1.035	0.069	0.007	97
SP_0155	1.036	0.076	0.004	314
SP_0156	1.037	0.073	0.005	251
SP_0157	1.025	0.064	0.005	148
SP_0158	0.984	0.131	0.058	5
SP_0159	1.027	0.062	0.005	160
SP_0160	1.019	0.060	0.009	47
SP_0161	1.018	0.059	0.008	57
SP_0162	0.986	0.100	0.058	3
SP_0163	1.031	0.079	0.006	155
SP_0164	1.017	0.062	0.015	17
SP_0165	1.050	0.192	0.012	270
SP_0166	1.034	0.080	0.004	404
SP_0167	1.038	0.070	0.003	506
SP_0168	1.036	0.113	0.005	490
SP_0169	0.997	0.033	0.010	11
SP_0170	1.045	0.073	0.013	31
SP_0171	1.037	0.069	0.009	65
SP_0172	0.984	0.055	0.018	9
SP_0173	1.030	0.075	0.005	206
SP_0174	1.072	0.097	0.037	7
SP_0175	1.031	0.095	0.008	135
SP_0176	1.023	0.068	0.004	285
SP_0177	1.023	0.106	0.008	176
SP_0178	1.021	0.074	0.005	211
SP_0179	0			0
SP_0180	1.025	0.047	0.011	20
SP_0181	1.030	0.065	0.005	145
SP_0182	1.033	0.081	0.007	124
SP_0183	0.962	0.124	0.055	5
SP_0184	0.996	0.097	0.012	64
SP_0185	0			0
SP_0186	0			0
SP_0187	1.041	0.078	0.009	79
SP_0188	1.017	0.108	0.041	7
SP_0189	1.078	0.040	0.012	12
SP_0190	0.998	0.031	0.010	9
SP_0191	1.044	0.059	0.010	33
SP_0192	0.982	0.103	0.059	3
SP_0193	1.126	0.010	0.007	2
SP_0194	1.037	0.160	0.092	3
SP_0196	1.032	0.049	0.025	4
SP_0197	0.841	0.053	0.018	9
SP_0198	1.021	0.072	0.008	76
SP_0199	1.074	0.105	0.025	17
SP_0200	1.014	0.063	0.006	117
SP_0201	1.013	0.128	0.023	31
SP_0202	0.971	0.137	0.038	13
SP_0203	1.026	0.077	0.022	12
SP_0204	1.013	0.038	0.017	5
SP_0205	0.847	0.127	0.063	4
SP_0206	1.037	0.075	0.011	45
SP_0207	1.016	0.056	0.009	35
SP_0208	0			0
SP_0209	0			0
SP_0210	0			0
SP_0211	0			0
SP_0212	0			0
SP_0213	0			0
SP_0214	0			0
SP_0215	0			0
SP_0216	0			0
SP_0217	0			0
SP_0218	0			0
SP_0219	0			0
SP_0220	0			0
SP_0221	0			0
SP_0222	0			0
SP_0223	0			0
SP_0224	0			0
SP_0225	0			0
SP_0226	0			0
SP_0227	0			0
SP_0228	0			0
SP_0229	0			0
SP_0230	0			0
SP_0231	0			0
SP_0232	0			0
SP_0233	0			0
SP_0234	0			0
SP_0235	0			0
SP_0236	0			0
SP_0237	0			0
SP_0238	1.012	0.071	0.011	44
SP_0239	1.010	0.073	0.011	42
SP_0240	1.051	0.083	0.011	59
SP_0241	1.022	0.069	0.004	386
SP_0242	1.034	0.066	0.006	121
SP_0243	1.019	0.067	0.004	261
SP_0244	0.964	0	0	1
SP_0245	1.031	0.063	0.005	139
SP_0246	1.006	0.072	0.008	75
SP_0247	1.023	0.104	0.007	195
SP_0248	1.037	0.069	0.008	79
SP_0249	1.040	0.076	0.007	103
SP_0250	1.037	0.108	0.006	364
SP_0251	1.029	0.067	0.003	664
SP_0252	1.020	0.072	0.006	166
SP_0253	1.016	0.072	0.005	238
SP_0254	1.034	0.043	0.019	5
SP_0255	1.037	0.062	0.008	58
SP_0256	1.013	0.065	0.012	30
SP_0258	1.027	0.060	0.011	29
SP_0259	0			0
SP_0260	1.029	0.067	0.009	60
SP_0261	0			0
SP_0262	0			0
SP_0263	1.035	0.064	0.009	48
SP_0264	0.931	0.052	0.030	3
SP_0265	1.020	0.070	0.007	114
SP_0266	0.970	0.025	0.018	2
SP_0267	1.032	0.062	0.006	124
SP_0268	1.023	0.072	0.003	431
SP_0269	0.981	0.051	0.030	3
SP_0270	1.013	0.020	0.014	2
SP_0271	0			0
SP_0272	0.833	0	0	1
SP_0273	0.950	0.016	0.011	2
SP_0274	0.952	0.071	0.032	5
SP_0275	1.019	0.070	0.015	22
SP_0276	1.027	0.088	0.033	7
SP_0277	1.011	0.071	0.019	14
SP_0278	1.034	0.083	0.015	30
SP_0279	1.006	0.066	0.033	4
SP_0280	1.070	0.068	0.009	62
SP_0281	1.035	0.070	0.008	85
SP_0282	1.002	0.088	0.013	46
SP_0283	1.025	0.089	0.017	29
SP_0284	1.014	0.089	0.017	27
SP_0285	1.016	0.066	0.008	76
SP_0286	1.032	0.054	0.008	48
SP_0287	1.038	0.061	0.004	192
SP_0288	1.037	0.069	0.008	82
SP_0289	1.034	0.078	0.017	21
SP_0290	0			0
SP_0291	0			0
SP_0292	0			0
SP_0293	1.030	0.057	0.010	32
SP_0294	0			0
SP_0295	0			0
SP_0296	1.028	0.061	0.014	19
SP_0297	1.020	0.078	0.039	4
SP_0298	1.024	0.069	0.004	336
SP_0301	1.037	0.067	0.014	23
SP_0302	1.019	0.063	0.006	126
SP_0303	1.023	0.133	0.008	294
SP_0304	1.006	0.102	0.009	115
SP_0305	1.018	0.069	0.011	41
SP_0306	1.030	0.094	0.005	324
SP_0307	1.024	0.057	0.006	102
SP_0308	1.023	0.070	0.008	68
SP_0309	1.026	0.083	0.008	98
SP_0310	1.040	0.083	0.005	325
SP_0311	1.033	0.072	0.013	30
SP_0312	1.019	0.087	0.004	541
SP_0313	1.017	0.060	0.007	64
SP_0314	1.025	0.078	0.003	583
SP_0315	1.012	0.145	0.009	244
SP_0316	1.045	0.157	0.036	19
SP_0317	1.025	0.060	0.006	107
SP_0318	1.032	0.068	0.006	136
SP_0319	1.026	0.069	0.007	87
SP_0320	1.033	0.064	0.005	141
SP_0321	1.021	0.074	0.009	69
SP_0322	1.025	0.072	0.005	208
SP_0323	1.025	0.060	0.006	86
SP_0324	1.032	0.134	0.011	138
SP_0325	1.024	0.078	0.006	189
SP_0326	1.020	0.067	0.011	39
SP_0327	1.027	0.078	0.006	181
SP_0329	1.031	0.074	0.014	29
SP_0330	0.999	0.087	0.013	43
SP_0331	1.053	0.068	0.009	52
SP_0332	1.050	0.072	0.009	68
SP_0333	0.989	0.057	0.028	4
SP_0334	0			0
SP_0335	0			0
SP_0336	0			0
SP_0337	0.715	0	0	1
SP_0338	1.012	0.086	0.007	133
SP_0340	1.036	0.050	0.009	31
SP_0341	1.010	0.062	0.008	60
SP_0342	1.014	0.070	0.005	199
SP_0346	1.030	0.075	0.011	49
SP_0360	1.016	0.059	0.009	46
SP_0366	1.031	0.065	0.004	307
SP_0367	1.011	0.097	0.019	26
SP_0368	1.015	0.074	0.003	759
SP_0369	0.984	0.068	0.018	15
SP_0370	0.977	0	0	1
SP_0371	1.006	0.062	0.012	27
SP_0372	0			0
SP_0373	1.034	0.068	0.007	95
SP_0374	0.932	0.106	0.015	52
SP_0375	0			0
SP_0376	0			0
SP_0377	1.034	0.080	0.011	57
SP_0378	1.046	0.067	0.007	82
SP_0379	1.013	0.088	0.006	197
SP_0380	1.008	0.072	0.005	230
SP_0381	0			0
SP_0382	0			0
SP_0383	0			0
SP_0384	0			0
SP_0385	0			0
SP_0386	0.996	0.207	0.073	8
SP_0387	1.060	0.084	0.013	44
SP_0388	1.023	0.070	0.009	56
SP_0389	1.072	0.066	0.016	18
SP_0390	1.030	0.071	0.008	86
SP_0391	1.033	0.075	0.007	121
SP_0394	1.041	0.098	0.006	286
SP_0395	1.027	0.098	0.005	406
SP_0396	1.051	0.075	0.007	102
SP_0397	1.042	0.082	0.006	196
SP_0398	1.069	0.058	0.014	17
SP_0399	1.042	0.062	0.013	24
SP_0400	1.049	0.093	0.025	14
SP_0401	0.984	0.087	0.009	86
SP_0402	0			0
SP_0403	1.011	0.133	0.047	8
SP_0404	0.992	0.058	0.011	28
SP_0405	0.980	0.068	0.013	29
SP_0406	1.004	0.081	0.009	78
SP_0407	0.983	0.046	0.023	4
SP_0408	1.027	0.084	0.009	79
SP_0409	1.014	0.071	0.011	38
SP_0410	1.021	0.070	0.007	100
SP_0411	0			0
SP_0412	0.951	0.110	0.028	16
SP_0413	0.872	0.089	0.010	76
SP_0414	0.998	0.058	0.029	4
SP_0415	0.851	0.042	0.029	2
SP_0416	0.986	0.130	0.058	5
SP_0417	0			0
SP_0418	0			0
SP_0419	0			0
SP_0420	0			0
SP_0421	0			0
SP_0422	0.926	0	0	1
SP_0423	0			0
SP_0424	0			0
SP_0425	1.001	0.053	0.015	12
SP_0426	0			0
SP_0427	0			0
SP_0428	0.988	0.075	0.017	20
SP_0429	1.024	0.078	0.015	28
SP_0430	1.037	0.061	0.011	34
SP_0431	1.003	0.068	0.011	35
SP_0433	0			0
SP_0434	0			0
SP_0435	0			0
SP_0436	0			0
SP_0437	0			0
SP_0438	0			0
SP_0439	0.913	0.092	0.014	43
SP_0440	1.007	0.064	0.007	90
SP_0441	0.848	0.137	0.068	4
SP_0442	0.954	0	0	1
SP_0443	1.022	0	0	1
SP_0444	1.019	0.053	0.017	10
SP_0445	1.022	0.072	0.006	155
SP_0446	1.008	0.074	0.011	46
SP_0447	1.022	0.073	0.006	128
SP_0448	1.023	0.069	0.008	66
SP_0449	1.014	0.088	0.013	45
SP_0450	1.006	0.068	0.005	206
SP_0451	0.940	0.159	0.071	5
SP_0452	0.872	0.141	0.045	10
SP_0453	0.946	0.084	0.007	160
SP_0454	0.979	0.092	0.006	218
SP_0455	1.040	0.115	0.030	15
SP_0457	0.934	0.269	0.155	3
SP_0458	1.006	0.064	0.015	18
SP_0459	0.998	0.078	0.006	162
SP_0461	1.012	0.079	0.005	267
SP_0462	1.019	0.073	0.004	346
SP_0463	1.010	0.067	0.004	270
SP_0464	1.007	0.063	0.005	150
SP_0465	1.043	0.039	0.019	4
SP_0466	1.014	0.059	0.006	90
SP_0467	1.039	0.160	0.019	73
SP_0468	1.030	0.085	0.013	44
SP_0470	1.014	0.049	0.010	24
SP_0471	1.024	0.074	0.012	38
SP_0472	0.999	0.056	0.013	20
SP_0473	0.992	0.073	0.005	219
SP_0474	1.020	0.087	0.005	273
SP_0475	1.021	0.097	0.004	592
SP_0476	1.013	0.069	0.009	58
SP_0477	1.023	0.075	0.004	322
SP_0478	1.008	0.098	0.005	342
SP_0479	1.006	0.067	0.007	84
SP_0480	1.027	0.073	0.007	103
SP_0481	0.984	0.077	0.006	144
SP_0482	1.017	0.074	0.011	44
SP_0483	1.024	0.076	0.005	204
SP_0484	1.030	0.065	0.006	138
SP_0486	1.019	0.072	0.013	29
SP_0487	0.984	0.077	0.011	52
SP_0488	1.004	0.083	0.010	69
SP_0489	1.007	0.060	0.010	39
SP_0490	1.002	0.056	0.008	51
SP_0491	1.018	0.073	0.015	24
SP_0492	1.024	0.065	0.015	18
SP_0493	0.943	0.051	0.029	3
SP_0494	1.031	0.089	0.009	89
SP_0496	1.020	0.077	0.006	168
SP_0497	1.014	0.079	0.018	19
SP_0498	1.011	0.101	0.004	533
SP_0499	0.865	0	0	1
SP_0500	1.064	0.054	0.017	10
SP_0501	0.934	0.070	0.031	5
SP_0502	0.912	0.138	0.031	20
SP_0503	0.996	0.065	0.019	11
SP_0504	1.007	0.046	0.013	12
SP_0505	1.004	0.106	0.006	277
SP_0506	1.015	0.081	0.007	120
SP_0507	0.962	0.129	0.013	95
SP_0508	0.991	0.107	0.007	231
SP_0509	0.984	0.077	0.006	153
SP_0510	0.996	0.079	0.004	315
SP_0511	1.032	0.072	0.023	10
SP_0512	0.970	0.069	0.020	12
SP_0513	1.008	0.065	0.012	31
SP_0514	0.997	0.074	0.013	33
SP_0515	1.083	0.069	0.023	9
SP_0516	1.018	0.054	0.013	17
SP_0517	1.059	0.100	0.045	5
SP_0518	1.042	0.129	0.013	98
SP_0519	0.986	0.088	0.029	9
SP_0520	1.051	0.082	0.018	20
SP_0521	0.992	0.080	0.021	15
SP_0522	1.023	0.065	0.010	45
SP_0523	1.010	0.081	0.010	68
SP_0524	1.001	0.083	0.015	31
SP_0525	1.001	0.108	0.012	80
SP_0526	1.017	0.073	0.009	73
SP_0527	1.019	0.099	0.005	365
SP_0528	1.011	0.056	0.010	32
SP_0529	1.030	0.138	0.010	202
SP_0530	1.005	0.080	0.004	409
SP_0531	1.013	0.176	0.026	46
SP_0532	1.027	0.077	0.010	56
SP_0533	1.010	0.089	0.036	6
SP_0534	0.998	0.090	0.027	11
SP_0535	1.002	0.090	0.016	30
SP_0536	1.023	0.083	0.010	71
SP_0539	1.009	0.066	0.008	72
SP_0540	1.010	0.088	0.015	36
SP_0541	1.014	0.018	0.010	3
SP_0542	1.019	0.054	0.010	28
SP_0543	0.994	0.071	0.008	72
SP_0544	1.006	0.070	0.008	79
SP_0545	1.004	0.064	0.006	113
SP_0546	1.026	0.095	0.012	67
SP_0547	1.030	0.084	0.010	76
SP_0548	1.006	0.030	0.015	4
SP_0549	0			0
SP_0550	0.968	0.083	0.020	18
SP_0552	0			0
SP_0553	1.108	0.023	0.017	2
SP_0554	0			0
SP_0555	0			0
SP_0556	0			0
SP_0557	1.040	0.033	0.023	2
SP_0558	1.019	0.162	0.014	126
SP_0559	1.025	0.071	0.014	25
SP_0560	1.001	0.073	0.013	33
SP_0561	1.001	0.063	0.015	17
SP_0562	1.006	0.080	0.009	78
SP_0563	0.958	0.106	0.047	5
SP_0564	0.994	0.080	0.014	31
SP_0565	0.971	0.083	0.018	22
SP_0566	1.062	0.055	0.013	18
SP_0567	0.994	0.067	0.012	29
SP_0568	0			0
SP_0569	0.994	0.084	0.018	23
SP_0570	1.022	0.094	0.007	202
SP_0571	1.114	0.039	0.020	4
SP_0573	0.992	0.047	0.011	19
SP_0574	0.996	0.071	0.009	66
SP_0575	0.996	0.095	0.005	299
SP_0576	1.005	0.074	0.005	188
SP_0577	1.007	0.069	0.003	466
SP_0578	1.007	0.092	0.004	468
SP_0579	0			0
SP_0580	1.017	0.067	0.014	23
SP_0581	0.959	0.020	0.010	4
SP_0582	1.023	0.118	0.008	196
SP_0584	1.000	0.060	0.011	31
SP_0585	0.984	0.076	0.006	178
SP_0586	1.022	0.080	0.010	64
SP_0587	1.104	0.086	0.018	24
SP_0588	1.043	0.076	0.009	67
SP_0589 (*)	0.928	0.085	0.018	23
SP_0590	1.008	0.058	0.007	74
SP_0591	0			0
SP_0592	0.955	0.081	0.017	23
SP_0593	1.113	0.146	0.019	62
SP_0595	0.997	0.072	0.009	65
SP_0596	1.026	0.028	0.014	4
SP_0598	1.028	0.073	0.019	15
SP_0599	1.038	0.069	0.008	85
SP_0600	1.021	0.106	0.010	114
SP_0601	1.024	0.072	0.006	132
SP_0602	1.018	0.087	0.013	43
SP_0603	1.007	0.082	0.012	47
SP_0604	1.021	0.078	0.006	172
SP_0605	1.052	0.055	0.032	3
SP_0606	1.028	0.092	0.006	217
SP_0607	1.040	0.073	0.008	88
SP_0608	1.026	0.065	0.006	123
SP_0609	1.035	0.062	0.007	84
SP_0610	1.036	0.076	0.012	40
SP_0611	0.942	0.039	0.022	3
SP_0612	1.030	0.030	0.013	5
SP_0613	1.079	0	0	2
SP_0614	0.972	0.100	0.019	29
SP_0615	1.013	0.078	0.008	93
SP_0616	0.809	0.152	0.057	7
SP_0617	1.017	0.065	0.008	67
SP_0618	1.035	0.073	0.028	7
SP_0619	1.032	0.067	0.012	31
SP_0620	1.011	0.080	0.010	70
SP_0621	0.958	0.111	0.045	6
SP_0622	0.986	0.110	0.018	37
SP_0623	0.785	0.121	0.020	36
SP_0624	0.997	0.083	0.013	41
SP_0625	0.981	0.075	0.012	38
SP_0626	1.003	0.072	0.007	97
SP_0627	1.009	0.108	0.009	130
SP_0628	0.997	0.087	0.014	38
SP_0629	0.965	0.072	0.011	43
SP_0630	0			0
SP_0631	0.937	0.104	0.043	6
SP_0633	1.013	0.110	0.010	116
SP_0634	1.015	0.069	0.008	78
SP_0635	1.076	0.063	0.032	4
SP_0636	1.000	0.066	0.009	54
SP_0637	1.023	0.073	0.008	77
SP_0638	1.016	0.118	0.011	111
SP_0639	1.008	0.068	0.010	48
SP_0640	1.033	0.055	0.017	11
SP_0641	1.019	0.090	0.002	1368
SP_0645	1.028	0.076	0.016	23
SP_0646	1.004	0.042	0.024	3
SP_0647	1.012	0.066	0.005	184
SP_0648	1.011	0.075	0.003	736
SP_0649	1.015	0.071	0.006	141
SP_0650	0.903	0.083	0.017	24
SP_0651	1.016	0.071	0.008	89
SP_0652	0.999	0.064	0.008	57
SP_0653	1.033	0.039	0.022	3
SP_0654	0.957	0.100	0.041	6
SP_0655	1.013	0.069	0.005	165
SP_0657	1.040	0.074	0.008	91
SP_0658	0.971	0.074	0.007	104
SP_0659	0.992	0.062	0.009	47
SP_0660	1.039	0.102	0.011	87
SP_0661	1.017	0.084	0.011	63
SP_0662	1.013	0.071	0.006	168
SP_0663	0.984	0.074	0.010	58
SP_0664	1.025	0.095	0.003	1213
SP_0665	0.993	0.061	0.005	134
SP_0666	1.018	0.077	0.011	49
SP_0667	1.021	0.068	0.006	133
SP_0668	0.989	0.079	0.011	54
SP_0669	0			0
SP_0670	0.928	0.061	0.025	6
SP_0671	0			0
SP_0672	1.008	0.075	0.011	49
SP_0673	1.006	0.052	0.008	37
SP_0674	0			0
SP_0675	1.017	0.072	0.012	38
SP_0676	1.014	0.070	0.007	108
SP_0677	1.040	0.193	0.029	44
SP_0678	1.003	0.063	0.009	46
SP_0679	1.012	0.076	0.011	47
SP_0680	1.021	0.078	0.008	84
SP_0681	0			0
SP_0682	0.933	0.122	0.043	8
SP_0683	1.013	0.079	0.013	35
SP_0684	0.996	0.060	0.013	21
SP_0685	0.950	0.053	0.024	5
SP_0686	1.018	0.073	0.004	314
SP_0687	1.006	0.062	0.007	83
SP_0688	0			0
SP_0689	0			0
SP_0690	0.654	0	0	1
SP_0691	0.984	0.113	0.038	9
SP_0692	1.060	0.049	0.022	5
SP_0693	1.010	0.062	0.009	44
SP_0694	1.002	0.082	0.007	139
SP_0695	1.002	0.103	0.008	154
SP_0696	0.984	0.154	0.012	170
SP_0697	1.002	0.114	0.011	104
SP_0698	0.995	0.066	0.007	98
SP_0699	1.030	0.057	0.012	23
SP_0701	1.059	0.025	0.013	4
SP_0702	1.024	0.064	0.024	7
SP_0703	1.024	0.085	0.009	91
SP_0704	1.003	0.068	0.005	170
SP_0705	1.014	0.069	0.005	232
SP_0706	1.002	0.075	0.006	134
SP_0707	1.016	0.070	0.006	152
SP_0708	1.012	0.062	0.007	76
SP_0709	1.003	0.072	0.010	50
SP_0710	1.004	0.070	0.009	63
SP_0711	1.019	0.125	0.015	73
SP_0713	0			0
SP_0715	1.031	0.073	0.010	57
SP_0716	1.025	0.083	0.011	54
SP_0717	1.007	0.101	0.008	145
SP_0718	1.016	0.089	0.007	147
SP_0719	1.006	0.072	0.008	72
SP_0720	0.994	0.077	0.007	111
SP_0721	0.974	0.066	0.008	69
SP_0722	0.997	0.099	0.012	70
SP_0723	1.018	0.068	0.008	79
SP_0724	1.015	0.066	0.008	74
SP_0725	0.983	0.076	0.011	49
SP_0726	0.996	0.087	0.012	56
SP_0727	1.033	0.094	0.018	26
SP_0728	0.992	0.069	0.011	42
SP_0729	0.995	0.110	0.008	201
SP_0730	1.011	0.057	0.021	7
SP_0731	0.999	0.057	0.011	25
SP_0735	1.013	0.083	0.013	43
SP_0736	0.977	0.071	0.023	10
SP_0737	1.012	0.077	0.008	95
SP_0738	1.001	0.068	0.015	21
SP_0739	1.019	0.061	0.009	48
SP_0740	1.008	0.078	0.012	40
SP_0741	0.998	0.077	0.010	63
SP_0742	0.827	0.130	0.019	49
SP_0743	0.946	0.174	0.039	20
SP_0744	1.007	0.069	0.007	95
SP_0745	0.926	0.112	0.023	23
SP_0746	0.959	0.083	0.031	7
SP_0747	1.003	0.084	0.028	9
SP_0748	0.969	0.070	0.013	31
SP_0749	1.022	0.112	0.012	83
SP_0750	1.014	0.075	0.007	100
SP_0751	1.010	0.092	0.011	77
SP_0752	1.005	0.086	0.010	76
SP_0753	1.033	0.058	0.010	35
SP_0754	1.013	0.100	0.013	64
SP_0755	0			0
SP_0756	0			0
SP_0757	0.959	0	0	1
SP_0758	1.006	0.077	0.006	187
SP_0759	0.876	0.037	0.022	3
SP_0760	1.000	0.099	0.012	71
SP_0761	0.994	0	0	1
SP_0762	0			0
SP_0763	1.016	0.090	0.026	12
SP_0764	1.022	0.086	0.011	57
SP_0765	1.051	0	0	1
SP_0766	0.942	0.044	0.026	3
SP_0767	0.952	0.079	0.011	48
SP_0768	0.996	0.076	0.008	82
SP_0769	1.000	0.073	0.011	43
SP_0770	0.992	0.071	0.007	110
SP_0771	0.966	0.082	0.008	98
SP_0772	1.020	0.074	0.014	30
SP_0773	0.948	0.044	0.017	7
SP_0774	0.988	0.087	0.013	43
SP_0775	0			0
SP_0776	0.798	0	0	1
SP_0777	0.985	0.080	0.010	69
SP_0778	0.914	0	0	1
SP_0779	0			0
SP_0780	0.969	0.074	0.021	12
SP_0781	1.013	0.064	0.014	20
SP_0782	1.003	0.015	0.011	2
SP_0783	1.019	0.099	0.018	31
SP_0784	1.023	0.070	0.006	127
SP_0785	0.985	0.092	0.009	112
SP_0786	1.023	0.122	0.023	28
SP_0787	1.004	0.083	0.007	134
SP_0788	1.053	0.060	0.027	5
SP_0789	1.038	0.047	0.021	5
SP_0790	1.008	0.078	0.008	92
SP_0791	1.001	0.064	0.006	104
SP_0792	0.976	0.036	0.010	14
SP_0793	0.953	0.248	0.033	56
SP_0794	1.005	0.060	0.009	44
SP_0795	1.012	0.106	0.012	85
SP_0796	1.007	0.081	0.016	26
SP_0797	0.932	0.115	0.015	58
SP_0798	0.866	0.067	0.027	6
SP_0799	0.891	0.105	0.023	21
SP_0800	0.965	0.048	0.013	14
SP_0801	0.990	0.074	0.007	104
SP_0802	0.956	0.083	0.009	92
SP_0803	1.005	0.059	0.030	4
SP_0804	0.982	0.079	0.020	15
SP_0805	0.916	0.096	0.027	13
SP_0806	0			0
SP_0807	0			0
SP_0815	1.033	0.037	0.026	2
SP_0816	1.047	0.014	0.005	7
SP_0817	1.003	0.060	0.008	64
SP_0820	1.029	0.068	0.006	134
SP_0821	0.989	0.064	0.019	11
SP_0822	1.043	0.063	0.026	6
SP_0823	0.986	0.073	0.009	70
SP_0824	0.957	0.107	0.021	26
SP_0825	0.965	0.042	0.024	3
SP_0826	0.982	0.072	0.008	88
SP_0827	1.015	0.053	0.009	34
SP_0828	1.004	0.032	0.016	4
SP_0829	1.038	0.102	0.012	76
SP_0830	1.059	0.087	0.019	20
SP_0831	1.070	0.075	0.011	50
SP_0832	1.006	0.054	0.020	7
SP_0833	1.027	0.077	0.010	62
SP_0834	1.038	0.089	0.018	25
SP_0835	0.991	0.062	0.016	16
SP_0837	1.043	0.065	0.013	23
SP_0838	1.084	0.037	0.017	5
SP_0839	0.891	0	0	1
SP_0840	1.024	0.066	0.013	26
SP_0841	0.708	0.117	0.048	6
SP_0842	0.981	0.070	0.011	38
SP_0843	1.023	0.088	0.011	70
SP_0844	1.011	0.064	0.013	25
SP_0845	0.994	0.079	0.016	24
SP_0846	1.012	0.079	0.012	44
SP_0847	1.006	0.069	0.011	42
SP_0848	0.986	0.093	0.015	39
SP_0851	0			0
SP_0852	0.966	0.019	0.009	4
SP_0853	0			0
SP_0854	1.004	0.136	0.078	3
SP_0855	0			0
SP_0856	0.931	0.092	0.028	11
SP_0857	0.944	0.070	0.016	19
SP_0858	0.977	0.093	0.012	62
SP_0859	0.976	0.069	0.008	73
SP_0860	1.009	0.053	0.008	40
SP_0861	0.959	0.012	0.009	2
SP_0862	0			0
SP_0864	0.977	0.051	0.014	13
SP_0865	0			0
SP_0866	0.993	0.038	0.014	7
SP_0867	1.236	0.176	0.125	2
SP_0868	0			0
SP_0869	0			0
SP_0870	0.883	0.089	0.063	2
SP_0871	1.051	0.105	0.074	2
SP_0872	0.749	0.163	0.073	5
SP_0873	1.029	0.059	0.020	9
SP_0875	1.022	0.064	0.013	25
SP_0876	0.953	0.136	0.048	8
SP_0877	0.998	0.083	0.008	114
SP_0878	0			0
SP_0879	1.005	0.073	0.010	55
SP_0880	0.965	0.081	0.014	35
SP_0881	0.953	0.094	0.011	69
SP_0882	0.999	0.078	0.010	61
SP_0883	0.994	0.062	0.012	27
SP_0884	1.007	0.067	0.012	33
SP_0885	1.004	0.089	0.008	139
SP_0886	1.018	0.075	0.006	175
SP_0887	1.014	0.076	0.008	94
SP_0888	0			0
SP_0889	0			0
SP_0890	0			0
SP_0891	1.006	0.066	0.011	38
SP_0892	1.004	0.068	0.003	406
SP_0893	1.061	0.080	0.012	42
SP_0894	1.028	0.099	0.008	166
SP_0895	0			0
SP_0896	0			0
SP_0897	0.944	0.061	0.043	2
SP_0898	1.002	0.076	0.008	95
SP_0899	1.004	0.067	0.007	84
SP_0901	1.023	0.072	0.013	32
SP_0902	1.027	0.085	0.010	79
SP_0904	0.998	0.071	0.006	129
SP_0905	0.981	0.080	0.009	78
SP_0906	0.993	0.050	0.020	6
SP_0907	0.996	0.069	0.004	297
SP_0908	0.983	0.067	0.007	82
SP_0909	1.026	0.064	0.014	21
SP_0910	1.016	0.075	0.014	29
SP_0911	0.992	0.077	0.013	37
SP_0912	1.006	0.069	0.008	82
SP_0913	0.986	0.073	0.005	246
SP_0914	1.029	0.057	0.009	39
SP_0916	0.949	0.084	0.007	128
SP_0917	0.974	0.101	0.025	16
SP_0918	0.945	0.081	0.010	60
SP_0919	0.965	0.069	0.006	141
SP_0920	0.966	0.074	0.007	125
SP_0921	0.946	0.073	0.008	83
SP_0922	0.898	0.089	0.010	78
SP_0923	0.997	0.071	0.009	69
SP_0924	1.009	0.065	0.009	47
SP_0925	0.998	0.084	0.008	104
SP_0926	0.971	0.100	0.019	29
SP_0927	0.728	0.098	0.015	42
SP_0928	0.988	0.051	0.016	10
SP_0929	0.871	0	0	1
SP_0930	1.000	0.070	0.006	129
SP_0931	0.993	0.072	0.008	88
SP_0932	0.979	0.087	0.009	88
SP_0933	1.001	0.067	0.010	44
SP_0935	0			0
SP_0936	1.046	0.074	0.030	6
SP_0937	0			0
SP_0938	1.000	0.071	0.015	22
SP_0939	1.016	0.082	0.014	33
SP_0940	0.994	0.057	0.009	38
SP_0943	1.017	0.059	0.006	84
SP_0944	0			0
SP_0945	0			0
SP_0946	0.946	0.094	0.016	37
SP_0947	1.029	0.049	0.019	7
SP_0948	0.967	0.065	0.011	33
SP_0949	1.004	0.074	0.011	43
SP_0950	0.997	0.056	0.007	73
SP_0951	0.997	0.086	0.015	34
SP_0952	0.999	0.075	0.009	63
SP_0953	1.000	0.079	0.011	56
SP_0954	0.999	0.078	0.011	55
SP_0955	1.009	0.072	0.005	197
SP_0956	1.010	0.062	0.011	32
SP_0957	0.989	0.065	0.008	67
SP_0958	1.002	0.078	0.007	122
SP_0959	0			0
SP_0960	0			0
SP_0961	0.950	0.083	0.041	4
SP_0962	0.970	0.064	0.009	49
SP_0963	1.015	0.074	0.010	53
SP_0964	1.032	0.079	0.011	52
SP_0965	1.012	0.112	0.007	257
SP_0966	0.977	0.074	0.008	88
SP_0967	0			0
SP_0968	1.050	0.057	0.040	2
SP_0969	0.969	0.085	0.032	7
SP_0970	1.008	0.081	0.021	15
SP_0971	0			0
SP_0972	1.001	0.093	0.017	30
SP_0973	0			0
SP_0974	0.986	0.065	0.046	2
SP_0975	0.918	0.096	0.015	43
SP_0976	0.821	0.088	0.044	4
SP_0977	1.003	0.077	0.013	33
SP_0978	1.012	0.081	0.012	43
SP_0979	0.988	0.122	0.011	134
SP_0980	0.931	0.115	0.026	20
SP_0981	0.954	0.066	0.008	76
SP_0983	0.985	0.081	0.013	37
SP_0984	0.978	0.070	0.012	34
SP_0985	0.946	0.079	0.016	23
SP_0986	0.988	0.100	0.013	56
SP_0987	0.951	0.123	0.014	74
SP_0988	0			0
SP_0989	0.914	0.085	0.019	19
SP_0990	0.920	0.077	0.045	3
SP_0991	0			0
SP_0992	0			0
SP_0993	1.005	0.097	0.019	27
SP_0994	1.090	0.166	0.117	2
SP_0997	0.985	0.096	0.027	13
SP_0998	0.996	0.054	0.019	8
SP_0999	0.985	0.114	0.017	44
SP_1000	0.999	0.064	0.009	49
SP_1001	0.991	0.072	0.005	192
SP_1002	0.996	0.090	0.012	59
SP_1003	0.988	0.070	0.007	104
SP_1004	1.004	0.089	0.004	397
SP_1005	1.002	0.085	0.005	332
SP_1006	0.990	0.202	0.038	28
SP_1007	1.018	0.078	0.010	56
SP_1008	0.999	0.079	0.007	119
SP_1009	0.994	0.072	0.006	124
SP_1010	1.036	0.064	0.013	25
SP_1011	1.001	0.077	0.010	66
SP_1012	0.968	0.072	0.009	63
SP_1013	0.832	0.097	0.013	53
SP_1014	1.001	0.087	0.011	63
SP_1016	0.731	0	0	1
SP_1017	1.006	0.058	0.022	7
SP_1018	0.985	0.057	0.012	22
SP_1019	1.008	0.073	0.013	34
SP_1020	1.072	0	0	1
SP_1021	0.959	0.077	0.027	8
SP_1022	0			0
SP_1023	0.989	0.070	0.015	21
SP_1024	0.971	0.080	0.010	70
SP_1025	0.951	0.117	0.020	34
SP_1026	0.802	0.148	0.032	21
SP_1027	0.968	0.090	0.012	55
SP_1028	0.819	0.093	0.042	5
SP_1029	0.954	0.095	0.010	96
SP_1030	1.005	0.083	0.012	51
SP_1031	0.972	0.107	0.017	38
SP_1032	0.997	0.065	0.005	145
SP_1033	1.001	0.085	0.006	232
SP_1034	1.002	0.087	0.006	211
SP_1035	0.995	0.071	0.005	167
SP_1036	1.011	0.068	0.013	29
SP_1037	1.005	0.069	0.008	77
SP_1038	1.021	0.064	0.011	35
SP_1039	0.992	0.053	0.012	18
SP_1040	1.003	0.089	0.004	493
SP_1041	0.992	0.066	0.007	85
SP_1042	0.999	0.070	0.016	20
SP_1043	0.986	0.101	0.008	159
SP_1044	1.007	0.071	0.006	160
SP_1045	1.007	0.074	0.007	123
SP_1046	1.014	0.083	0.005	247
SP_1047	1.023	0.086	0.012	53
SP_1048	1.036	0.065	0.008	71
SP_1049	0.999	0.099	0.026	15
SP_1050	1.027	0.085	0.012	53
SP_1051	1.009	0.068	0.006	123
SP_1052	1.015	0.074	0.004	347
SP_1053	1.005	0.070	0.006	128
SP_1057	0.993	0.081	0.008	105
SP_1058	0.985	0.078	0.013	37
SP_1059	0.976	0.195	0.026	57
SP_1060	1.001	0.097	0.011	73
SP_1061	0.992	0.089	0.004	488
SP_1062	1.008	0.077	0.007	120
SP_1063	0.997	0.083	0.005	285
SP_1065	1.010	0.051	0.009	29
SP_1067	0			0
SP_1068	1.079	0.106	0.019	30
SP_1069	0.993	0.073	0.011	46
SP_1070	1.002	0.074	0.009	62
SP_1071	1.004	0.095	0.019	24
SP_1072	0			0
SP_1073	0			0
SP_1074	0.971	0.142	0.064	5
SP_1075	0			0
SP_1076	0.995	0.059	0.015	16
SP_1077	1.019	0.075	0.031	6
SP_1078	1.061	0.026	0.015	3
SP_1079	0			0
SP_1080	0			0
SP_1081	1.128	0	0	1
SP_1082	0.980	0.053	0.013	16
SP_1083	0.985	0.078	0.013	38
SP_1084	0			0
SP_1087	1.018	0.089	0.040	5
SP_1088	1.018	0.085	0.016	28
SP_1089	0.965	0.077	0.016	23
SP_1090	1.042	0.078	0.032	6
SP_1091	1.027	0.040	0.028	2
SP_1092	0.988	0.050	0.015	12
SP_1093	1.012	0.058	0.016	14
SP_1094	0			0
SP_1095	0.865	0.068	0.048	2
SP_1096	0.988	0.075	0.017	19
SP_1097	0.978	0.083	0.015	32
SP_1098	0.999	0	0	1
SP_1099	0.987	0.075	0.010	56
SP_1100	0.918	0.122	0.031	15
SP_1102	1.011	0.045	0.019	6
SP_1103	1.002	0.087	0.024	13
SP_1104	1.004	0.074	0.012	35
SP_1105	0			0
SP_1106	0			0
SP_1107	0			0
SP_1108	0.984	0.129	0.046	8
SP_1109	1.001	0	0	1
SP_1110	0.988	0.048	0.020	6
SP_1111	1.002	0.067	0.007	100
SP_1112	1.025	0.114	0.015	58
SP_1113	0.933	0.039	0.016	6
SP_1114	0.999	0.071	0.007	93
SP_1115	1.010	0.069	0.007	88
SP_1116	1.006	0.085	0.007	168
SP_1117	1.063	0.073	0.021	12
SP_1118	0.987	0.071	0.005	173
SP_1119	0.991	0.068	0.007	94
SP_1120	0.977	0.065	0.010	41
SP_1121	0.992	0.076	0.006	189
SP_1122	0.984	0.081	0.008	116
SP_1123	1.008	0.152	0.011	192
SP_1124	0.993	0.081	0.008	92
SP_1125	0.978	0.081	0.010	63
SP_1126	0.983	0.074	0.008	91
SP_1127	1.011	0.135	0.020	46
SP_1128	0.994	0.002	0.001	2
SP_1129	0.985	0.083	0.007	158
SP_1130	0.925	0	0	1
SP_1131	0.984	0.075	0.012	36
SP_1132	0.984	0.071	0.014	26
SP_1133	0.983	0.089	0.045	4
SP_1134	1.030	0.118	0.015	60
SP_1135	1.003	0.065	0.008	72
SP_1136	1.000	0.074	0.013	34
SP_1137	1.008	0.070	0.005	165
SP_1138	0.989	0.067	0.017	15
SP_1139	1.002	0.076	0.007	115
SP_1140	0.986	0.072	0.009	60
SP_1141	0.995	0.072	0.010	47
SP_1142	0.969	0.077	0.008	100
SP_1143	0.979	0.080	0.011	50
SP_1144	0.964	0.066	0.029	5
SP_1145	0.997	0.078	0.005	234
SP_1146	0			0
SP_1147	0.968	0.092	0.035	7
SP_1150	0.907	0.055	0.025	5
SP_1151	0.841	0	0	1
SP_1152	0.986	0.094	0.033	8
SP_1153	0.974	0.079	0.016	24
SP_1154	1.002	0.075	0.003	610
SP_1155	1.022	0.011	0.006	3
SP_1156	1.001	0.070	0.015	21
SP_1157	0.929	0.083	0.012	49
SP_1158	0.969	0.093	0.019	23
SP_1159	0.952	0.019	0.013	2
SP_1160	0.996	0.077	0.008	90
SP_1161	0.984	0.063	0.006	98
SP_1162	0.972	0.077	0.009	66
SP_1163	0.972	0.085	0.013	41
SP_1164	0.998	0.067	0.008	69
SP_1165	0.952	0.085	0.049	3
SP_1166	0.973	0.087	0.010	73
SP_1167	1.141	0.068	0.048	2
SP_1168	0.995	0.045	0.015	9
SP_1169	1.001	0.071	0.014	27
SP_1170	1.010	0.078	0.009	82
SP_1171	0.952	0.072	0.012	37
SP_1172	1.021	0.019	0.010	4
SP_1173	0.983	0.057	0.011	28
SP_1174	0.999	0.065	0.008	62
SP_1175	1.008	0.072	0.005	239
SP_1176	1.078	0	0	1
SP_1177	0			0
SP_1178	1.043	0.005	0.004	2
SP_1179	1.009	0.067	0.030	5
SP_1180	0.907	0.082	0.036	5
SP_1181	0.961	0.061	0.019	10
SP_1182 (*)	0.903	0.089	0.019	23
SP_1183	0.950	0.063	0.019	11
SP_1184	0.993	0.073	0.006	142
SP_1185	1.001	0.069	0.004	245
SP_1186	0.961	0.163	0.024	48
SP_1187	0.984	0.080	0.008	96
SP_1188	0.973	0.109	0.021	27
SP_1189	1.002	0.086	0.009	88
SP_1190	1.042	0.095	0.067	2
SP_1191	0.994	0.085	0.010	72
SP_1192	0.976	0.070	0.018	16
SP_1193	0.956	0.086	0.016	28
SP_1194	0.979	0.096	0.020	23
SP_1197	0.969	0.080	0.022	13
SP_1198	1.017	0.116	0.027	19
SP_1199	0.987	0.016	0.011	2
SP_1200	0.882	0.075	0.015	24
SP_1201	0.982	0.080	0.012	44
SP_1202	0.954	0.071	0.010	47
SP_1203	1.025	0.040	0.020	4
SP_1204	0			0
SP_1205	0.880	0.165	0.068	6
SP_1206	0.833	0.059	0.042	2
SP_1207	0.914	0.132	0.066	4
SP_1208	1.003	0.078	0.013	39
SP_1209	0.958	0.063	0.028	5
SP_1210	0.984	0.101	0.045	5
SP_1211	0.993	0.057	0.021	7
SP_1212	0.818	0.078	0.018	19
SP_1213	0.967	0.082	0.011	55
SP_1214	0.994	0.076	0.008	91
SP_1215	0.996	0.136	0.019	50
SP_1216	1.022	0.071	0.027	7
SP_1217	1.010	0.053	0.013	16
SP_1218	1.007	0.068	0.016	18
SP_1219	1.019	0	0	1
SP_1220	0.787	0.404	0.202	4
SP_1221	1.007	0.074	0.004	276
SP_1222	0.983	0.086	0.011	60
SP_1223	0.989	0.060	0.023	7
SP_1224	0.997	0.033	0.013	7
SP_1225	1.005	0.050	0.025	4
SP_1226	1.040	0	0	1
SP_1227	0			0
SP_1228	0.989	0.063	0.007	75
SP_1229	0.935	0.081	0.010	59
SP_1230	0			0
SP_1231	1.105	0	0	1
SP_1232	0.953	0.113	0.043	7
SP_1233	0.986	0.070	0.007	103
SP_1234	0.973	0.070	0.011	39
SP_1235	1.036	0.194	0.043	20
SP_1236	0.993	0.060	0.016	15
SP_1237	1.007	0.071	0.017	18
SP_1238	1.024	0.104	0.073	2
SP_1240	0.970	0.084	0.010	69
SP_1241	1.001	0.072	0.006	170
SP_1242	0.995	0.114	0.018	39
SP_1243	0			0
SP_1244	0			0
SP_1245	0.973	0.169	0.028	37
SP_1246	1.035	0.078	0.009	81
SP_1247	0			0
SP_1248	0			0
SP_1249	0.995	0.072	0.009	68
SP_1250	0.994	0.069	0.005	161
SP_1251	1.003	0.072	0.004	260
SP_1252	1.011	0.073	0.026	8
SP_1253	1.061	0.083	0.031	7
SP_1254	1.018	0.072	0.024	9
SP_1255	0.983	0.083	0.014	38
SP_1256	0.991	0.055	0.013	19
SP_1257	0.994	0.067	0.006	123
SP_1258	1.023	0.080	0.009	81
SP_1259	0.976	0.079	0.015	27
SP_1260	1.008	0.075	0.016	21
SP_1261	1.020	0.079	0.012	47
SP_1263	0			0
SP_1264	1.021	0.071	0.006	157
SP_1265	1.056	0.110	0.030	14
SP_1266	1.018	0.089	0.017	28
SP_1267	0			0
SP_1268	0.853	0	0	1
SP_1269	0			0
SP_1270	1.024	0.050	0.036	2
SP_1271	0			0
SP_1272	0.932	0.049	0.035	2
SP_1273	0			0
SP_1274	0.870	0.337	0.107	10
SP_1275	0.883	0.105	0.017	39
SP_1276	0.946	0.155	0.039	16
SP_1277	0.878	0.127	0.040	10
SP_1278	0.972	0.021	0.015	2
SP_1279	0.982	0.112	0.037	9
SP_1280	0			0
SP_1281	0.989	0.065	0.010	43
SP_1282	0.994	0.094	0.009	106
SP_1283	1.001	0.069	0.007	91
SP_1284	1.004	0.098	0.018	30
SP_1285	0.957	0.092	0.014	42
SP_1286	1.008	0.066	0.006	113
SP_1287	0.875	0.122	0.070	3
SP_1288	0.934	0.072	0.032	5
SP_1289	1.008	0.060	0.009	49
SP_1290	1.005	0.065	0.006	109
SP_1291	0.992	0.073	0.007	97
SP_1292	0.997	0.081	0.005	269
SP_1293	0			0
SP_1294	1.004	0.105	0.014	56
SP_1295	1.051	0.123	0.023	30
SP_1296	1.015	0.068	0.014	24
SP_1297	1.055	0	0	1
SP_1298	0			0
SP_1299	0			0
SP_1300	0.994	0.059	0.011	28
SP_1302	1.010	0.036	0.012	9
SP_1303	0.990	0.091	0.025	13
SP_1304	1.003	0.050	0.013	14
SP_1305	1.071	0.081	0.018	21
SP_1306	1.086	0.067	0.009	56
SP_1307	1.038	0.075	0.015	26
SP_1308	1.007	0.079	0.007	133
SP_1315	1.003	0.086	0.011	67
SP_1316	1.014	0.077	0.006	170
SP_1317	1.002	0.093	0.006	271
SP_1318	0.994	0.071	0.007	99
SP_1319	0.996	0.072	0.005	212
SP_1320	0.995	0.067	0.007	81
SP_1321	1.002	0.067	0.006	108
SP_1322	1.011	0.134	0.008	310
SP_1323	1.008	0.062	0.007	80
SP_1324	1.016	0.124	0.008	227
SP_1325	0.999	0.093	0.007	193
SP_1326	0.996	0.089	0.004	553
SP_1327	1.020	0.073	0.012	39
SP_1328	0.993	0.075	0.004	337
SP_1329	1.000	0.074	0.006	173
SP_1330	0.990	0.077	0.008	88
SP_1331	1.003	0.078	0.006	147
SP_1332	0.994	0.069	0.009	63
SP_1333	1.067	0.040	0.020	4
SP_1334	1.002	0.070	0.035	4
SP_1335	0.955	0.072	0.013	31
SP_1336	1.001	0.093	0.010	85
SP_1338	1.006	0.086	0.012	48
SP_1339	0.963	0.041	0.021	4
SP_1340	0.999	0.073	0.004	406
SP_1341	0.995	0.066	0.006	131
SP_1342	1.009	0.075	0.003	466
SP_1343	1.000	0.093	0.005	353
SP_1344	0.986	0.109	0.004	610
SP_1345	0.978	0.018	0.009	4
SP_1346	1.022	0.075	0.013	36
SP_1347	1.008	0.084	0.049	3
SP_1348	0.987	0.047	0.015	10
SP_1349	1.052	0.055	0.023	6
SP_1350	1.024	0.057	0.016	13
SP_1351	0.861	0.111	0.050	5
SP_1353	0.934	0.045	0.032	2
SP_1354	0			0
SP_1355	0			0
SP_1356	0.841	0.092	0.011	65
SP_1357	0.944	0.105	0.014	55
SP_1358	0.977	0.086	0.016	29
SP_1359	1.057	0.068	0.009	53
SP_1360	0.728	0.083	0.024	12
SP_1361	0.604	0.175	0.066	7
SP_1362	0.913	0.122	0.055	5
SP_1363	0			0
SP_1364	0.893	0.036	0.021	3
SP_1365	0.969	0.009	0.006	2
SP_1366	0			0
SP_1367	0			0
SP_1368	0.996	0.067	0.006	123
SP_1369	0.988	0.079	0.012	43
SP_1370	0.965	0.069	0.010	47
SP_1371	0.972	0.072	0.011	46
SP_1372	1.030	0.036	0.013	8
SP_1373	0.996	0.065	0.011	34
SP_1374	0.961	0.067	0.008	66
SP_1375	0.984	0.066	0.008	61
SP_1376	0.976	0.064	0.007	85
SP_1377	0.926	0.084	0.015	33
SP_1378	0.963	0.088	0.010	83
SP_1379	1.031	0.110	0.022	25
SP_1380	1.027	0.078	0.005	204
SP_1381	1.003	0.076	0.016	23
SP_1382	1.007	0.071	0.007	107
SP_1383	1.084	0.071	0.041	3
SP_1384	1.008	0.077	0.011	50
SP_1385	1.013	0.051	0.010	25
SP_1386	0.992	0.070	0.009	56
SP_1387	0.981	0.047	0.009	26
SP_1388	0.971	0.070	0.015	22
SP_1389	1.017	0.103	0.023	20
SP_1390	1.014	0.141	0.053	7
SP_1391	0.986	0.068	0.008	71
SP_1392	0.964	0.081	0.014	32
SP_1393	1.007	0.076	0.007	127
SP_1394	0.977	0.099	0.013	60
SP_1395	0.996	0.054	0.014	14
SP_1396	0.991	0.077	0.010	61
SP_1397	0.939	0.075	0.010	57
SP_1398	0.953	0.069	0.011	39
SP_1399	0.943	0.091	0.020	20
SP_1400	0.951	0.088	0.011	60
SP_1401	0.969	0.080	0.021	15
SP_1402	0.956	0.086	0.016	28
SP_1403	0.939	0.086	0.023	14
SP_1404	1.023	0.095	0.026	13
SP_1405	0			0
SP_1406	1.049	0.077	0.019	17
SP_1407	0.929	0.104	0.022	23
SP_1408	0.967	0.085	0.012	48
SP_1409	0.991	0.084	0.013	44
SP_1410	0.998	0.078	0.016	23
SP_1411	0.942	0.045	0.020	5
SP_1412	0.988	0.093	0.012	59
SP_1413	0.966	0.065	0.037	3
SP_1414	0			0
SP_1415	1.002	0.082	0.027	9
SP_1416	0.962	0.070	0.009	55
SP_1417	0.988	0.091	0.008	139
SP_1419	0.999	0.072	0.010	49
SP_1420	0			0
SP_1421	1.198	0.155	0.049	10
SP_1422	1.004	0.062	0.008	62
SP_1423	1.002	0.069	0.015	21
SP_1424	1.004	0.071	0.006	133
SP_1425	1.032	0.109	0.023	23
SP_1426	1.011	0.065	0.007	77
SP_1427	1.013	0.074	0.012	41
SP_1428	1.014	0.070	0.007	92
SP_1429	1.039	0.059	0.006	103
SP_1430	0.997	0.066	0.005	159
SP_1431	0.987	0.114	0.007	283
SP_1432	1.017	0.073	0.021	12
SP_1433	1.013	0.078	0.006	185
SP_1434	1.014	0.078	0.004	362
SP_1435	1.022	0.077	0.004	336
SP_1436	1.019	0.075	0.005	211
SP_1437	0.991	0.071	0.009	66
SP_1438	1.009	0.075	0.007	127
SP_1440	0.995	0.053	0.015	13
SP_1441	1.005	0.055	0.010	33
SP_1445	0			0
SP_1446	1.031	0.051	0.007	57
SP_1447	0.998	0.091	0.010	90
SP_1448	1.009	0.074	0.007	116
SP_1449	1.044	0.060	0.006	85
SP_1450	0.978	0.082	0.008	99
SP_1451	0.970	0.085	0.017	26
SP_1452	1.008	0.060	0.014	19
SP_1453	1.005	0.087	0.012	50
SP_1454	1.050	0.086	0.035	6
SP_1455	0.995	0.074	0.016	20
SP_1456	0			0
SP_1457	0.967	0.060	0.011	30
SP_1458	1.033	0.144	0.064	5
SP_1459	0			0
SP_1460	0.903	0.014	0.010	2
SP_1461	0			0
SP_1462	1.099	0.074	0.015	26
SP_1463	1.160	0.073	0.009	69
SP_1464	1.127	0.080	0.013	37
SP_1465	1.079	0.110	0.015	51
SP_1466	0.853	0.106	0.011	88
SP_1467	1.066	0.088	0.014	42
SP_1468	1.035	0.053	0.008	47
SP_1469	0.860	0.093	0.047	4
SP_1470	1.012	0.088	0.012	56
SP_1471	1.024	0.087	0.022	16
SP_1472	1.005	0.081	0.006	156
SP_1473	0.925	0.092	0.029	10
SP_1474	0			0
SP_1475	0			0
SP_1476	0.999	0.051	0.008	40
SP_1477	0.976	0.083	0.018	21
SP_1478	0.992	0.079	0.011	55
SP_1479	0.984	0.066	0.005	174
SP_1480	1.004	0.074	0.010	50
SP_1481	0.995	0.062	0.031	4
SP_1482	0.908	0.071	0.011	42
SP_1487	1.020	0.061	0.016	15
SP_1488	1.010	0.098	0.057	3
SP_1489	0			0
SP_1490	0.980	0.064	0.026	6
SP_1491	0			0
SP_1492	0.975	0.099	0.020	24
SP_1493	0.997	0.071	0.007	105
SP_1494	0.992	0.074	0.009	69
SP_1495	1.014	0.073	0.015	25
SP_1497	1.006	0.068	0.011	40
SP_1498	0.965	0.292	0.110	7
SP_1499	1.040	0.034	0.014	6
SP_1500	0.994	0.070	0.008	74
SP_1501	1.013	0.071	0.012	34
SP_1502	0.998	0.069	0.009	54
SP_1504	0.992	0.060	0.008	62
SP_1505	0.903	0.077	0.011	50
SP_1506	0.924	0.002	0.002	2
SP_1507	0			0
SP_1508	1.228	0	0	1
SP_1509	0			0
SP_1510	0			0
SP_1511	0			0
SP_1512	0			0
SP_1513	0			0
SP_1514	0			0
SP_1516	1.030	0.059	0.011	28
SP_1517	0			0
SP_1518	0.729	0.076	0.038	4
SP_1519	0.984	0.060	0.013	21
SP_1520	1.010	0.085	0.016	30
SP_1521	0.900	0.121	0.054	5
SP_1522	0.900	0.092	0.046	4
SP_1523	0.969	0.088	0.010	74
SP_1524	1.009	0.074	0.007	125
SP_1525	1.004	0.073	0.008	95
SP_1526	0.995	0.078	0.005	260
SP_1527	1.017	0.071	0.005	241
SP_1528	1.081	0.057	0.023	6
SP_1529	0.943	0.065	0.033	4
SP_1530	0			0
SP_1531	0.985	0.051	0.012	19
SP_1532	1.001	0.075	0.013	35
SP_1533	0.975	0.061	0.008	53
SP_1534	0			0
SP_1535	1.015	0.069	0.009	59
SP_1536	0.990	0.106	0.027	15
SP_1537	0.859	0.113	0.040	8
SP_1538	1.020	0.083	0.012	49
SP_1539	0			0
SP_1540	0			0
SP_1541	0			0
SP_1542	1.022	0	0	1
SP_1543	1.015	0.156	0.032	24
SP_1544	0.764	0	0	1
SP_1545	0.977	0.090	0.021	18
SP_1546	1.041	0.077	0.013	36
SP_1547	0.990	0.064	0.008	61
SP_1548	1.009	0.070	0.006	150
SP_1549	1.010	0.074	0.025	9
SP_1550	1.001	0.086	0.010	70
SP_1551	0			0
SP_1552	1.082	0.064	0.008	73
SP_1553	0.990	0.074	0.012	38
SP_1554	0			0
SP_1555	0.990	0.103	0.033	10
SP_1556	0.844	0.112	0.050	5
SP_1557	0.961	0.067	0.011	38
SP_1558	1.008	0.092	0.022	18
SP_1559	0			0
SP_1560	0			0
SP_1561	0			0
SP_1562	0.860	0.176	0.072	6
SP_1563	0.877	0.083	0.018	22
SP_1564	0.968	0.056	0.016	13
SP_1565	0.982	0.078	0.011	53
SP_1566	0.998	0.072	0.022	11
SP_1567	1.008	0.044	0.016	8
SP_1568	0			0
SP_1569	1.026	0.041	0.024	3
SP_1570	0.848	0.103	0.052	4
SP_1571	0			0
SP_1572	0			0
SP_1573	0.995	0.081	0.006	185
SP_1574	0.983	0.047	0.027	3
SP_1575	0			0
SP_1576	0.951	0.073	0.014	27
SP_1577	0.967	0.067	0.012	33
SP_1578	1.014	0.078	0.010	66
SP_1579	0.976	0.066	0.014	21
SP_1580	1.001	0.074	0.009	64
SP_1581	1.004	0.059	0.020	9
SP_1583	0.987	0.056	0.008	46
SP_1584	0			0
SP_1585	1.015	0.081	0.011	54
SP_1586	0.846	0.166	0.035	23
SP_1587	1.007	0.069	0.006	116
SP_1588	1.003	0.066	0.007	91
SP_1589	1.033	0.065	0.025	7
SP_1590	1.086	0	0	1
SP_1591	0.932	0.095	0.017	32
SP_1592	1.003	0.061	0.016	15
SP_1597	1.026	0.067	0.014	22
SP_1598	0.988	0.080	0.012	47
SP_1599	0.988	0.086	0.015	32
SP_1600	1.019	0.088	0.010	85
SP_1601	0.978	0.089	0.009	90
SP_1602	0.951	0.079	0.014	30
SP_1603	0.918	0	0	1
SP_1604	0.973	0.048	0.013	13
SP_1605	1.034	0.130	0.058	5
SP_1606	0.919	0.085	0.011	60
SP_1607	0			0
SP_1608	1.011	0.078	0.015	29
SP_1609	1.013	0.075	0.009	68
SP_1610	0.899	0.040	0.023	3
SP_1611	1.043	0.119	0.025	23
SP_1612	1.003	0.077	0.006	162
SP_1615	1.007	0.071	0.004	282
SP_1616	1.001	0.064	0.007	80
SP_1617	1.010	0.071	0.006	137
SP_1618	1.009	0.065	0.012	30
SP_1619	0.986	0.119	0.014	68
SP_1620	0.992	0.075	0.008	83
SP_1621	0.992	0.085	0.005	248
SP_1623	1.006	0.107	0.020	28
SP_1624	1.011	0.048	0.020	6
SP_1625	1.022	0.072	0.006	140
SP_1626	0			0
SP_1627	1.007	0.107	0.010	109
SP_1628	0.987	0.072	0.007	99
SP_1629	0.991	0.050	0.018	8
SP_1630	0.999	0.060	0.012	26
SP_1631	0.991	0.025	0.018	2
SP_1632	0.998	0.075	0.007	113
SP_1633	1.001	0.071	0.009	62
SP_1634	0.996	0.057	0.005	124
SP_1635	0.996	0.075	0.010	57
SP_1636	0.997	0.055	0.017	11
SP_1637	0.985	0.088	0.010	73
SP_1638	0			0
SP_1640	0.965	0.075	0.010	54
SP_1641	0.988	0.091	0.013	53
SP_1642	0.997	0.078	0.025	10
SP_1643	1.052	0.079	0.032	6
SP_1644	1.008	0.074	0.011	46
SP_1645	1.023	0.091	0.010	75
SP_1646	0.993	0.089	0.011	70
SP_1647	0.986	0.076	0.006	165
SP_1648	0			0
SP_1649	1.153	0.303	0.107	8
SP_1650	0			0
SP_1651	1.090	0.098	0.016	40
SP_1652	1.009	0.076	0.004	373
SP_1653	0.996	0.146	0.022	44
SP_1654	1.014	0.072	0.005	199
SP_1655	0.871	0.093	0.046	4
SP_1656	1.039	0.045	0.015	9
SP_1657	0.997	0.050	0.013	16
SP_1658	0.979	0.051	0.013	16
SP_1659	1.018	0.061	0.043	2
SP_1660	0.998	0.017	0.010	3
SP_1661	0.973	0.089	0.021	18
SP_1662	1.016	0.060	0.009	49
SP_1663	1.018	0.066	0.021	10
SP_1664	0.926	0.081	0.033	6
SP_1665	1.040	0.070	0.009	61
SP_1666	0			0
SP_1667	0			0
SP_1668	0.980	0.080	0.016	24
SP_1669	0.993	0.084	0.017	24
SP_1670	0			0
SP_1671	0.951	0.018	0.009	4
SP_1672	0			0
SP_1673	0			0
SP_1674	0.996	0.073	0.007	105
SP_1675	1.022	0.065	0.006	122
SP_1676	1.010	0.069	0.006	149
SP_1677	1.006	0.067	0.008	64
SP_1678	1.070	0.074	0.028	7
SP_1679	1.016	0.078	0.008	101
SP_1680	0.994	0.074	0.013	33
SP_1681	0.983	0.100	0.010	95
SP_1682	0.978	0.085	0.008	111
SP_1683	0.980	0.069	0.005	219
SP_1684	1.008	0.095	0.005	355
SP_1685	0.949	0.086	0.025	12
SP_1686	1.001	0.063	0.006	125
SP_1687	0.990	0.085	0.003	613
SP_1688	1.007	0.070	0.006	158
SP_1689	0.986	0.063	0.005	185
SP_1690	0.998	0.075	0.005	185
SP_1691	0.988	0.071	0.014	25
SP_1693	1.015	0.071	0.003	426
SP_1694	0.998	0.093	0.017	31
SP_1695	1.019	0.067	0.010	46
SP_1697	1.220	0.104	0.031	11
SP_1698	1.148	0.043	0.025	3
SP_1699	1.100	0.011	0.008	2
SP_1700	1.019	0.064	0.008	59
SP_1701	1.029	0.085	0.013	43
SP_1702	0.992	0.061	0.025	6
SP_1703	1.002	0.060	0.013	20
SP_1704	1.011	0.063	0.010	41
SP_1705	1.015	0.102	0.012	70
SP_1706	1.011	0.058	0.006	101
SP_1707	1.026	0.070	0.016	18
SP_1708	1.029	0.041	0.014	8
SP_1709	0			0
SP_1710	1.017	0.079	0.018	19
SP_1711	0			0
SP_1712	0			0
SP_1713	0			0
SP_1714	1.046	0.064	0.021	9
SP_1715	1.015	0.142	0.011	171
SP_1716	1.013	0.072	0.005	177
SP_1717	1.003	0.083	0.014	38
SP_1718	1.061	0.073	0.028	7
SP_1719	1.004	0.063	0.008	63
SP_1720	0.987	0.081	0.008	97
SP_1721	0.998	0.076	0.007	119
SP_1722	1.013	0.075	0.007	119
SP_1723	1.009	0.073	0.014	29
SP_1724	1.063	0.053	0.019	8
SP_1725	1.039	0.080	0.013	40
SP_1726	0			0
SP_1727	0.869	0	0	1
SP_1728	0.998	0.058	0.009	45
SP_1730	0.998	0.080	0.013	41
SP_1731	0.992	0.069	0.016	19
SP_1732	0			0
SP_1733	0			0
SP_1734	0.980	0.080	0.010	59
SP_1735	0			0
SP_1736	0			0
SP_1737	0			0
SP_1738	0.990	0	0	1
SP_1739	1.081	0.120	0.085	2
SP_1740	0.991	0.063	0.013	25
SP_1741	1.030	0.091	0.028	11
SP_1742	1.022	0.076	0.010	56
SP_1743	1.015	0.090	0.011	67
SP_1744	1.004	0.081	0.016	27
SP_1745	1.036	0.078	0.019	16
SP_1746	1.003	0.074	0.015	25
SP_1747	1.139	0.127	0.048	7
SP_1748	1.056	0.149	0.050	9
SP_1749	1.021	0	0	1
SP_1750	0			0
SP_1751	1.000	0.072	0.009	69
SP_1752	0.986	0.075	0.012	37
SP_1753	1.003	0.073	0.007	98
SP_1754	1.036	0.071	0.007	102
SP_1755	1.024	0.072	0.008	74
SP_1756	0.988	0.117	0.039	9
SP_1757	1.013	0.068	0.006	150
SP_1758	1.013	0.072	0.005	204
SP_1759	1.005	0.070	0.003	425
SP_1760	1.011	0.069	0.006	125
SP_1761	1.019	0.068	0.004	237
SP_1762	1.000	0.079	0.005	222
SP_1763	1.003	0.083	0.005	315
SP_1764	1.012	0.079	0.007	125
SP_1765	1.021	0.083	0.004	388
SP_1766	1.003	0.075	0.006	184
SP_1767	1.011	0.077	0.004	427
SP_1768	0.999	0.134	0.009	230
SP_1769	1.004	0.077	0.005	229
SP_1770	0.994	0.130	0.006	402
SP_1771	1.010	0.127	0.007	325
SP_1772	1.034	0.071	0.007	108
SP_1773	1.009	0.076	0.009	72
SP_1774	0.780	0	0	1
SP_1775	0.997	0.068	0.013	28
SP_1776	0			0
SP_1777	1.014	0.119	0.015	63
SP_1778	1.019	0.075	0.016	23
SP_1779	1.014	0.070	0.009	60
SP_1780	1.005	0.093	0.006	225
SP_1781	0.988	0.074	0.011	46
SP_1782	0.992	0.067	0.009	56
SP_1783	0.979	0.068	0.012	31
SP_1784	0.989	0.093	0.010	92
SP_1785	0.973	0.068	0.014	24
SP_1786	0.996	0.074	0.009	62
SP_1787	0.999	0.062	0.016	15
SP_1788	1.017	0.076	0.016	23
SP_1789	0.980	0.058	0.018	11
SP_1790	0.995	0.067	0.007	103
SP_1791	0.995	0.019	0.011	3
SP_1793	1.002	0.080	0.008	93
SP_1794	0.982	0.079	0.028	8
SP_1795	1.001	0.065	0.005	201
SP_1796	1.003	0.068	0.004	239
SP_1797	0.984	0.079	0.006	189
SP_1798	1.004	0.078	0.007	137
SP_1799	0.991	0.073	0.007	113
SP_1800	1.020	0.115	0.007	278
SP_1801	1.003	0.052	0.011	24
SP_1802	1.029	0.064	0.007	79
SP_1803	1.015	0.091	0.010	89
SP_1804	1.007	0.072	0.011	46
SP_1805	1.003	0.051	0.014	14
SP_1806	1.017	0.074	0.011	46
SP_1807	1.020	0.074	0.010	60
SP_1808	1.020	0.078	0.017	21
SP_1809	0.999	0.030	0.012	6
SP_1810	1.009	0.113	0.009	152
SP_1811	1.012	0.059	0.008	49
SP_1812	1.025	0.063	0.006	110
SP_1813	1.007	0.067	0.008	78
SP_1814	1.042	0.078	0.013	36
SP_1815	0.988	0.079	0.011	48
SP_1816	1.009	0.077	0.011	49
SP_1817	0.996	0.068	0.005	158
SP_1818	1.027	0.064	0.019	11
SP_1819	0.982	0.081	0.016	25
SP_1820	1.019	0.045	0.016	8
SP_1821	1.012	0.101	0.007	202
SP_1822	1.018	0.071	0.006	129
SP_1823	1.022	0.074	0.005	181
SP_1824	1.012	0.076	0.004	427
SP_1825	1.002	0.111	0.008	203
SP_1826	1.012	0.071	0.004	254
SP_1827	0.983	0.210	0.021	102
SP_1828	1.013	0.078	0.005	256
SP_1829	1.018	0.075	0.004	311
SP_1830	1.011	0.081	0.005	289
SP_1831	1.013	0.073	0.007	125
SP_1832	1.002	0.081	0.010	70
SP_1833	1.032	0.090	0.004	476
SP_1834	1.012	0.081	0.015	28
SP_1835	0.995	0.082	0.027	9
SP_1836	0.973	0.054	0.014	15
SP_1837	0			0
SP_1838	0.944	0	0	1
SP_1839	1.040	0.072	0.006	135
SP_1840	1.027	0.079	0.007	129
SP_1841	1.035	0.046	0.019	6
SP_1842	0.966	0.114	0.032	13
SP_1843	1.147	0.074	0.037	4
SP_1844	0.994	0.069	0.015	22
SP_1845	1.121	0.058	0.041	2
SP_1846	1.024	0.079	0.012	45
SP_1847	0.987	0.066	0.015	19
SP_1848	1.025	0.070	0.008	80
SP_1849	0.998	0.067	0.006	116
SP_1850	1.019	0.088	0.009	95
SP_1851	1.019	0.066	0.009	48
SP_1852	1.102	0.100	0.013	59
SP_1853	0.966	0.104	0.015	50
SP_1854	1.026	0.122	0.012	103
SP_1855	1.007	0.074	0.006	168
SP_1856	0.999	0.075	0.010	53
SP_1857	0.992	0.073	0.008	79
SP_1858	0.990	0.086	0.012	51
SP_1859	1.023	0.065	0.007	93
SP_1860	1.023	0.078	0.007	118
SP_1861	1.032	0.075	0.010	54
SP_1862	1.004	0.118	0.011	112
SP_1863	1.009	0.054	0.011	25
SP_1864	0.997	0.068	0.011	37
SP_1865	1.062	0.064	0.008	58
SP_1866	1.015	0.076	0.024	10
SP_1867	1.013	0.248	0.028	80
SP_1868	1.012	0.088	0.018	24
SP_1869	1.016	0.069	0.008	82
SP_1870	1.013	0.076	0.007	114
SP_1871	1.015	0.068	0.010	48
SP_1872	1.022	0.074	0.009	63
SP_1873	0.965	0.158	0.038	17
SP_1874	0.965	0.102	0.020	25
SP_1875	0.973	0.012	0.007	3
SP_1876	1.031	0.076	0.027	8
SP_1877	1.027	0.084	0.016	27
SP_1878	1.061	0.070	0.017	17
SP_1879	1.020	0.069	0.017	17
SP_1880	0.996	0.066	0.008	71
SP_1881	1.040	0.052	0.037	2
SP_1882	1.006	0.056	0.018	10
SP_1883	0.839	0	0	1
SP_1884	1.007	0.078	0.007	124
SP_1885	1.023	0.088	0.013	49
SP_1887	0.838	0.106	0.027	15
SP_1888	0.919	0.103	0.021	24
SP_1889	0.971	0.095	0.025	14
SP_1890	0.949	0.137	0.018	58
SP_1891	0.825	0.103	0.006	290
SP_1892	0.890	0.025	0.014	3
SP_1893	1.007	0.040	0.016	6
SP_1894	1.071	0.069	0.004	265
SP_1895	1.067	0.065	0.005	156
SP_1896	1.059	0.065	0.007	95
SP_1897	1.055	0.087	0.009	95
SP_1898	1.050	0.088	0.007	182
SP_1899	1.083	0.056	0.008	46
SP_1900	0.978	0.086	0.026	11
SP_1901	1.036	0.060	0.005	145
SP_1902	1.006	0.081	0.011	51
SP_1903	0.894	0.094	0.067	2
SP_1904	1.059	0.062	0.010	37
SP_1906	0			0
SP_1907	0.994	0.054	0.038	2
SP_1908	1.000	0.145	0.024	38
SP_1909	1.023	0.074	0.009	66
SP_1910	1.004	0.073	0.011	42
SP_1911	1.027	0.074	0.013	35
SP_1912	1.012	0.071	0.015	23
SP_1913	1.020	0.069	0.008	69
SP_1914	0.849	0.131	0.044	9
SP_1915	1.050	0.127	0.021	38
SP_1916	1.005	0.065	0.008	67
SP_1917	1.033	0.068	0.011	35
SP_1918	1.028	0.059	0.007	72
SP_1919	1.028	0.070	0.008	83
SP_1920	1.052	0.068	0.012	32
SP_1921	1.032	0.094	0.024	15
SP_1922	0.991	0.131	0.032	17
SP_1923	1.022	0.064	0.005	166
SP_1924	1.029	0.075	0.008	93
SP_1925	1.019	0.057	0.009	42
SP_1926	1.018	0.060	0.013	22
SP_1929	1.027	0.058	0.016	14
SP_1930	1.007	0.086	0.016	28
SP_1931	1.019	0.068	0.008	80
SP_1932	1.010	0.054	0.017	10
SP_1933	1.018	0.096	0.008	133
SP_1934	1.035	0.110	0.011	105
SP_1935	1.015	0.060	0.008	59
SP_1936	1.002	0.072	0.014	26
SP_1937	1.011	0.093	0.010	89
SP_1938	0.969	0.072	0.011	39
SP_1939	0.966	0.067	0.006	131
SP_1940	0.911	0.130	0.075	3
SP_1941	0.982	0.070	0.006	117
SP_1942	0.900	0	0	1
SP_1943	1.031	0.076	0.010	53
SP_1944	0.831	0.007	0.005	2
SP_1945	1.021	0.067	0.009	54
SP_1946	1.023	0.083	0.006	163
SP_1947	0.992	0.049	0.014	12
SP_1948	1.008	0.086	0.016	28
SP_1949	1.023	0.046	0.009	27
SP_1950	1.023	0.096	0.003	873
SP_1951	1.024	0.084	0.006	203
SP_1952	1.021	0.138	0.008	263
SP_1953	1.024	0.118	0.004	1108
SP_1954	1.022	0.066	0.004	352
SP_1955	1.015	0.092	0.009	109
SP_1956	1.009	0.075	0.007	130
SP_1957	1.049	0.095	0.010	92
SP_1958	1.025	0.060	0.009	43
SP_1959	1.028	0.066	0.018	14
SP_1960	0			0
SP_1961	0			0
SP_1962	0.991	0.045	0.015	9
SP_1963	1.034	0.072	0.006	163
SP_1964	1.029	0.069	0.009	61
SP_1965	1.026	0.051	0.013	16
SP_1966	1.007	0.080	0.007	137
SP_1967	1.044	0.081	0.006	166
SP_1968	0			0
SP_1969	0			0
SP_1970	1.045	0.080	0.010	63
SP_1971	1.029	0.062	0.009	45
SP_1972	1.049	0.075	0.008	92
SP_1973	0.990	0.088	0.019	21
SP_1974	1.035	0.073	0.014	27
SP_1975	0			0
SP_1976	1.039	0.073	0.010	56
SP_1977	1.021	0.091	0.019	22
SP_1978	1.028	0.081	0.008	116
SP_1979	0.974	0.084	0.011	61
SP_1980	1.084	0.244	0.031	61
SP_1981	0.950	0.079	0.021	14
SP_1982	0.972	0.080	0.018	20
SP_1983	0			0
SP_1984	0			0
SP_1985	0			0
SP_1986	1.059	0.094	0.035	7
SP_1987	1.011	0.071	0.016	19
SP_1988	1.027	0.072	0.005	173
SP_1989	1.042	0.067	0.007	96
SP_1990	0			0
SP_1991	0.973	0.191	0.031	39
SP_1992	1.009	0.098	0.018	31
SP_1993	0			0
SP_1994	1.079	0.056	0.039	2
SP_1995	1.016	0.086	0.010	71
SP_1996	1.028	0.071	0.013	29
SP_1997	1.014	0.086	0.010	79
SP_1998	0.812	0.122	0.023	28
SP_1999	0.842	0.095	0.019	24
SP_2000	1.020	0.058	0.009	45
SP_2001	1.023	0.089	0.007	144
SP_2002	1.034	0.073	0.010	57
SP_2003	1.028	0.072	0.009	65
SP_2004	1.051	0.023	0.016	2
SP_2005	0			0
SP_2007	0.989	0	0	1
SP_2008	0			0
SP_2009	0.804	0	0	1
SP_2010	0.982	0.082	0.016	26
SP_2011	1.023	0.062	0.007	86
SP_2012	0			0
SP_2013	1.025	0.134	0.011	139
SP_2016	1.013	0.069	0.007	85
SP_2017	1.054	0.070	0.006	115
SP_2019	1.020	0.095	0.015	41
SP_2020	1.029	0.073	0.009	66
SP_2021	1.014	0.073	0.005	221
SP_2022	1.041	0.064	0.004	303
SP_2023	1.036	0.076	0.012	41
SP_2024	1.022	0.073	0.008	79
SP_2025	1.004	0.045	0.010	21
SP_2026	1.051	0.076	0.005	249
SP_2027	0.975	0.099	0.022	21
SP_2028	1.016	0.055	0.009	39
SP_2029	1.040	0.088	0.011	58
SP_2030	1.055	0	0	1
SP_2031	1.058	0.064	0.005	135
SP_2032	1.057	0.082	0.005	263
SP_2033	1.034	0.142	0.012	136
SP_2034	1.022	0.073	0.007	127
SP_2035	1.009	0.071	0.008	84
SP_2036	1.031	0.083	0.012	52
SP_2037	0.998	0.067	0.018	13
SP_2038	1.015	0.065	0.005	172
SP_2039	1.033	0.087	0.015	33
SP_2040	1.003	0.176	0.088	4
SP_2041	1.040	0.070	0.011	41
SP_2042	0			0
SP_2043	1.046	0.060	0.019	10
SP_2044	1.122	0	0	1
SP_2045	1.013	0.075	0.009	66
SP_2046	1.058	0.070	0.012	33
SP_2047	1.059	0.070	0.014	26
SP_2048	1.048	0.080	0.013	38
SP_2049	1.041	0.063	0.014	21
SP_2050	1.056	0.072	0.013	29
SP_2051	1.064	0.057	0.012	22
SP_2052	1.039	0.096	0.010	95
SP_2053	1.045	0.067	0.007	98
SP_2054	1.090	0.059	0.006	95
SP_2055	1.032	0.075	0.006	136
SP_2056	1.026	0.101	0.023	20
SP_2057	0.967	0.101	0.012	66
SP_2058	1.010	0.074	0.007	103
SP_2059	1.025	0.089	0.009	105
SP_2060	1.046	0.071	0.008	83
SP_2061	1.059	0.074	0.011	47
SP_2062	1.010	0.097	0.024	17
SP_2063	1.045	0.081	0.010	67
SP_2064	1.022	0.065	0.007	77
SP_2065	1.043	0.067	0.005	153
SP_2066	0.971	0.079	0.011	51
SP_2067	1.000	0.062	0.012	26
SP_2068	1.025	0.047	0.013	14
SP_2069	1.049	0	0	1
SP_2070	0.995	0.053	0.026	4
SP_2071	0			0
SP_2072	1.039	0.084	0.011	61
SP_2073	1.075	0.093	0.012	57
SP_2075	1.059	0.085	0.015	34
SP_2076	1.036	0.074	0.004	286
SP_2077	1.027	0.082	0.010	70
SP_2078	0			0
SP_2081	1.052	0.079	0.011	53
SP_2082 (*)	1.096	0.076	0.010	58
SP_2083	1.045	0.083	0.008	110
SP_2084	1.051	0.062	0.008	54
SP_2085	1.068	0.083	0.008	121
SP_2086	1.058	0.064	0.005	193
SP_2087	1.049	0.067	0.006	130
SP_2088	1.039	0.069	0.007	94
SP_2090	1.043	0.075	0.009	66
SP_2091	0			0
SP_2092	1.065	0.128	0.052	6
SP_2093	1.045	0.060	0.005	174
SP_2094	1.039	0.073	0.007	111
SP_2095	1.026	0.060	0.007	66
SP_2096	1.019	0.080	0.010	68
SP_2097	1.018	0.069	0.022	10
SP_2098	1.057	0.065	0.006	132
SP_2099	1.024	0.071	0.003	452
SP_2100	1.040	0.023	0.013	3
SP_2101	1.033	0.089	0.005	369
SP_2102	1.030	0.124	0.015	68
SP_2103	1.040	0.088	0.008	129
SP_2104	1.042	0.059	0.007	75
SP_2105	1.040	0.078	0.006	171
SP_2106	0.988	0.077	0.005	199
SP_2107	1.065	0.039	0.016	6
SP_2108	1.039	0.122	0.007	303
SP_2109	1.030	0.069	0.005	213
SP_2110	1.024	0.067	0.006	106
SP_2111	1.048	0.077	0.007	132
SP_2112	1.047	0.082	0.008	108
SP_2113	1.021	0.095	0.013	55
SP_2114	1.024	0.053	0.027	4
SP_2115	0.994	0.080	0.023	12
SP_2116	1.012	0.075	0.008	89
SP_2117	1.035	0.076	0.008	92
SP_2118	1.026	0.129	0.022	33
SP_2119	1.004	0.067	0.022	9
SP_2120	1.033	0.080	0.007	120
SP_2121	1.053	0.052	0.030	3
SP_2122	1.046	0.069	0.005	182
SP_2123	1.025	0.062	0.004	223
SP_2124	1.046	0.065	0.023	8
SP_2125	1.049	0.062	0.014	19
SP_2126	1.050	0.067	0.005	179
SP_2127	1.054	0.108	0.006	304
SP_2128	1.051	0.090	0.006	248
SP_2129	1.039	0.067	0.003	478
SP_2130	1.053	0.097	0.010	94
SP_2131	1.033	0.116	0.005	571
SP_2132	1.046	0.070	0.005	167
SP_2133	1.040	0.074	0.016	22
SP_2134	0.915	0.105	0.035	9
SP_2135	0.984	0.056	0.020	8
SP_2136	1.047	0.129	0.006	475
SP_2139	1.036	0.080	0.012	44
SP_2140	1.055	0.061	0.008	59
SP_2141	1.038	0.074	0.005	205
SP_2142	1.042	0.070	0.008	76
SP_2143	1.029	0.072	0.004	349
SP_2144	1.016	0.073	0.006	134
SP_2145	1.022	0.072	0.004	289
SP_2146	1.008	0.072	0.006	167
SP_2147	0.973	0.224	0.020	130
SP_2148	1.048	0.072	0.006	131
SP_2150	1.032	0.075	0.007	118
SP_2151	1.042	0.131	0.013	99
SP_2152	1.038	0.075	0.004	281
SP_2153	1.051	0.088	0.006	193
SP_2155	1.050	0.071	0.007	100
SP_2156	1.032	0.138	0.014	101
SP_2157	1.041	0.070	0.004	269
SP_2158	1.045	0.092	0.005	415
SP_2159	1.036	0.084	0.003	1113
SP_2160	1.039	0.117	0.004	812
SP_2161	1.036	0.098	0.006	309
SP_2162	1.047	0.104	0.007	235
SP_2163	1.044	0.069	0.006	117
SP_2164	1.040	0.063	0.007	82
SP_2165	1.041	0.083	0.006	183
SP_2166	1.033	0.104	0.008	164
SP_2167	1.031	0.074	0.004	289
SP_2168	1.053	0.159	0.013	148
SP_2169	1.029	0.075	0.005	245
SP_2170	0.996	0.082	0.027	9
SP_2171	0.744	0.020	0.014	2
SP_2172	0.873	0	0	1
SP_2173	1.064	0.069	0.005	182
SP_2174	1.068	0.078	0.014	29
SP_2175	1.051	0.098	0.007	223
SP_2176	1.050	0.071	0.005	191
SP_2177	1.028	0.081	0.016	26
SP_2178	1.041	0.075	0.013	31
SP_2180	1.042	0.075	0.005	195
SP_2182	1.056	0.067	0.005	163
SP_2183	1.098	0.074	0.025	9
SP_2184	1.040	0.071	0.009	63
SP_2185	0.988	0.088	0.011	63
SP_2186	0.988	0.083	0.008	110
SP_2187	0.996	0.090	0.008	113
SP_2188	0.972	0.072	0.018	15
SP_2189	0.964	0.083	0.013	38
SP_2190	1.044	0.070	0.006	161
SP_2191	1.051	0.068	0.007	86
SP_2192	1.039	0.077	0.005	204
SP_2193	1.083	0.203	0.023	77
SP_2194	0.954	0.101	0.011	90
SP_2195	1.015	0.109	0.021	26
SP_2196	1.030	0.065	0.006	104
SP_2197	1.023	0.063	0.007	91
SP_2198	1.043	0.120	0.015	63
SP_2199	0.978	0.056	0.023	6
SP_2200	1.095	0.184	0.130	2
SP_2201	1.059	0.094	0.009	122
SP_2202	0			0
SP_2203	0			0
SP_2204	1.020	0.060	0.027	5
SP_2205	1.059	0.090	0.021	19
SP_2206	1.058	0.086	0.009	95
SP_2207	1.085	0.074	0.007	124
SP_2208	1.104	0.084	0.007	160
SP_2209	1.097	0.079	0.010	60
SP_2210	1.038	0.063	0.007	83
SP_2214	1.063	0	0	1
SP_2215	0			0
SP_2216	0			0
SP_2217	0			0
SP_2218	0			0
SP_2219	1.042	0.087	0.025	12
SP_2220	1.026	0.084	0.017	25
SP_2221	1.023	0.081	0.020	16
SP_2222	1.085	0.076	0.034	5
SP_2223	0.984	0.070	0.018	15
SP_2224	1.001	0.077	0.012	38
SP_2225	1.006	0.076	0.010	54
SP_2226	1.105	0.032	0.023	2
SP_2227	0			0
SP_2228	1.087	0	0	1
SP_2229	0			0
SP_2230	0.935	0.120	0.015	62
SP_2231	0.973	0.093	0.005	339
SP_2232	1.039	0.065	0.006	124
SP_2233	1.033	0.114	0.009	179
SP_2234	1.055	0.083	0.008	120
SP_2235	1.051	0.085	0.006	196
SP_2236	1.044	0.081	0.004	380
SP_2237	1.087	0.068	0.019	13
SP_2238	0.991	0.066	0.010	46
SP_2239	1.040	0.085	0.015	30
SP_2240	1.037	0.099	0.015	45
